800802170200100
145811
0  118.806686  31.892406
1  118.806686  31.892406
2  118.806686  31.892406
3  118.806686  31.892406
4  118.806686  31.892406
5  118.806686  31.892406
6  118.806686  31.892406
7  118.806686  31.892406
8  118.806686  31.892406
9  118.806717  31.892384
10  118.806740  31.892349
11  118.806786  31.892307
12  118.806976  31.892103
13  118.807053  31.892012
14  118.807114  31.891947
15  118.807205  31.891848
16  118.807251  31.891796
17  118.807770  31.891216
18  118.807808  31.891167
19  118.807899  31.891052
20  118.808289  31.890676
21  118.808601  31.890348
22  118.808792  31.890146
23  118.808792  31.890146
24  118.808830  31.890150
25  118.808952  31.890163
26  118.809036  31.890173
27  118.809143  31.890188
28  118.809258  31.890201
29  118.809380  31.890215
30    
31  118.809654  31.891273
32    
33  118.809517  31.891331
34  118.809502  31.891334
35  118.809502  31.891334
36  118.809502  31.891334
37  118.809502  31.891334
38  118.809502  31.891334
39  118.809502  31.891334
40  118.809502  31.891334
41  118.809502  31.891334
42  118.809502  31.891334
43  118.809502  31.891321
44  118.809486  31.891266
45  118.809448  31.891119
46  118.809433  31.891069
47  118.809334  31.890573
48  118.809334  31.890573
49  118.809334  31.890573
50  118.809326  31.890573
51  118.809326  31.890570
52  118.809326  31.890573
53  118.809326  31.890573
54  118.809326  31.890573
55  118.809326  31.890573
56  118.809326  31.890573
57  118.809326  31.890573
58  118.809326  31.890573
59  118.809380  31.890467
60  118.809418  31.890417
61  118.809486  31.890348
62  118.809532  31.890310
63  118.809585  31.890224
64  118.809570  31.890171
65  118.809364  31.889990
66  118.809280  31.889849
67  118.809464  31.889700
68  118.809471  31.889696
69  118.809471  31.889692
70  118.809471  31.889692
71  118.809471  31.889692
72  118.809471  31.889692
73  118.809502  31.889706
74  118.809517  31.889706
75  118.809585  31.889645
76  118.809639  31.889576
77  118.809662  31.889536
78  118.809761  31.889377
79  118.809814  31.889292
80  118.809830  31.889269
81  118.809830  31.889259
82  118.809830  31.889259
83  118.809830  31.889261
84  118.809860  31.889227
85  118.809868  31.889214
86  118.809868  31.889214
87  118.809883  31.889214
88  118.809883  31.889217
89  118.809868  31.889214
90  118.809914  31.889179
91  118.809937  31.889153
92  118.809967  31.889114
93  118.809967  31.889112
94  118.809982  31.889070
95  118.809982  31.889057
96  118.809990  31.889048
97  118.810005  31.889002
98  118.810020  31.888966
99  118.810020  31.888958
100  118.810036  31.888950
101  118.810036  31.888950
102  118.810074  31.888954
103  118.810074  31.888954
104  118.810074  31.888954
105  118.810074  31.888954
106  118.810074  31.888954
107  118.810074  31.888954
108  118.810074  31.888954
109  118.810074  31.888954
110  118.810074  31.888954
